0 0.674684 0.902208 0.058803 0.764234 1.447978 0.790312 0.041077 0.667164 2.193791 0.682733 0.034085 0.613005 
0 0.408943 0.942801 0.084609 0.829688 0.855499 0.880555 0.063631 0.747413 1.330535 0.814527 0.053697 0.697462 
0 0.567502 0.915771 0.068963 0.786019 1.227752 0.818240 0.048861 0.689663 1.898546 0.719453 0.040292 0.634769 
0 0.272349 0.922399 0.158961 0.873113 0.526324 0.850300 0.127399 0.802342 0.787970 0.776085 0.110516 0.755386 
0 0.657384 0.878350 0.073195 0.765331 1.369079 0.747261 0.052431 0.670027 1.991342 0.633320 0.044326 0.618742 
0 0.364322 0.934992 0.106543 0.841265 0.744923 0.866437 0.081110 0.759811 1.149855 0.792758 0.068666 0.709077 
0 0.482707 0.939980 0.066153 0.809673 1.022194 0.872685 0.047634 0.720818 1.576848 0.803171 0.039374 0.666778 
0 0.164398 0.910429 0.394020 0.923190 0.314315 0.829519 0.355612 0.877750 0.469651 0.746323 0.329727 0.847182 
1 3.405903 0.599776 0.025866 0.559088 5.386008 0.367050 0.021127 0.495602 5.982015 0.297007 0.020133 0.477467 
1 2.812042 0.655782 0.026821 0.579027 4.476125 0.452342 0.021873 0.516376 5.067125 0.380455 0.020674 0.496526 
1 2.340761 0.714297 0.032042 0.612362 3.757452 0.541259 0.025842 0.550371 4.248696 0.480958 0.024157 0.531695 
1 2.864730 0.606628 0.030313 0.577332 4.490339 0.383623 0.025132 0.518001 5.028109 0.309850 0.024133 0.501208 
1 2.139464 0.671646 0.033835 0.614289 3.547676 0.456022 0.027237 0.543855 4.003232 0.386893 0.025819 0.523507 
1 2.034945 0.644497 0.037903 0.620464 3.268612 0.429259 0.031112 0.557325 3.658554 0.361174 0.029545 0.538094 
1 1.870161 0.670859 0.038732 0.627608 3.060173 0.462127 0.031641 0.561371 3.476392 0.389812 0.030024 0.543029 
1 1.233705 0.790729 0.045376 0.683654 2.167780 0.632361 0.035130 0.607645 2.531799 0.570409 0.032811 0.585108 
2 0.927565 0.561234 0.196397 0.764214 1.429644 0.319300 0.169028 0.708696 1.504719 0.279005 0.166039 0.700637 
2 4.155058 0.401984 0.029064 0.531565 5.760934 0.171033 0.025369 0.477102 5.843458 0.158927 0.024201 0.467193 
2 2.745747 0.417263 0.046989 0.588247 4.027331 0.145424 0.041502 0.532021 4.179110 0.113748 0.038769 0.514194 
2 4.409556 0.424818 0.030044 0.540490 6.275752 0.181333 0.024619 0.476869 6.500542 0.152033 0.023288 0.463129 
2 1.562273 0.496545 0.086493 0.670383 2.393364 0.228044 0.075501 0.611620 2.555928 0.174008 0.070086 0.589278 
2 3.826034 0.441175 0.040142 0.563701 5.519216 0.193774 0.032763 0.502635 5.809035 0.151606 0.030790 0.486121 
2 2.814996 0.485575 0.056657 0.605815 4.094230 0.251450 0.046590 0.547900 4.253775 0.221568 0.044092 0.535075 
2 4.644910 0.523136 0.035215 0.561379 6.405229 0.341671 0.027025 0.497402 6.398089 0.342526 0.025066 0.489414 
3 2.601268 0.303172 0.044821 0.555639 3.655972 0.020369 0.042435 0.514130 3.669554 0.016815 0.042375 0.512053 
3 2.954767 0.303542 0.038368 0.540772 4.229326 0.002551 0.036240 0.494363 4.278876 -0.008480 0.036129 0.491368 
3 2.638168 0.320303 0.042428 0.554212 3.814581 0.017448 0.039699 0.505704 3.901532 -0.004987 0.039648 0.503138 
3 2.282505 0.326163 0.049727 0.574136 3.301783 0.025285 0.046546 0.526135 3.332062 0.016918 0.046458 0.524311 
3 2.249981 0.344092 0.049238 0.575370 3.266372 0.047776 0.045811 0.525830 3.346275 0.024353 0.045698 0.523085 
3 2.521509 0.328240 0.044220 0.559703 3.702724 0.013592 0.041306 0.510279 3.780450 -0.006902 0.041300 0.507111 
3 2.665499 0.305426 0.041808 0.552582 3.763541 0.018200 0.039553 0.506253 3.779454 0.013669 0.039481 0.505722 
3 2.410158 0.336091 0.047091 0.568323 3.406915 0.061510 0.043932 0.521890 3.438671 0.051993 0.043930 0.520269 
4 0.566747 0.894054 0.090372 0.826092 1.111441 0.792515 0.068236 0.749863 1.573052 0.706691 0.057315 0.700936 
4 0.738022 0.883574 0.078618 0.814387 1.462809 0.769133 0.059700 0.739596 2.055198 0.675562 0.049825 0.690133 
4 0.577211 0.894381 0.085348 0.823830 1.108923 0.797237 0.065238 0.751299 1.564592 0.714029 0.054932 0.702649 
4 0.724531 0.874578 0.074961 0.808600 1.416427 0.754190 0.056068 0.731576 1.987144 0.654494 0.046742 0.680626 
4 0.578850 0.883787 0.090899 0.820428 1.126487 0.774072 0.068587 0.743313 1.598889 0.679783 0.057766 0.694987 
4 0.733207 0.881673 0.078260 0.820198 1.457333 0.764182 0.058936 0.744652 2.066290 0.664915 0.049363 0.694693 
4 0.760704 0.895727 0.067729 0.811639 1.519843 0.791653 0.050281 0.734454 2.169273 0.702528 0.041556 0.682813 
4 0.751128 0.891151 0.073896 0.816968 1.471664 0.786782 0.056251 0.744569 2.057555 0.701950 0.047535 0.697489 
5 1.348089 0.803897 0.105408 0.747374 2.506954 0.636435 0.084357 0.676770 3.185236 0.539475 0.073905 0.640080 
5 1.343254 0.817716 0.090718 0.746877 2.521508 0.657935 0.072946 0.676319 3.234359 0.561378 0.063782 0.637454 
5 1.099644 0.841712 0.158248 0.786058 2.048830 0.705481 0.134365 0.726341 2.608630 0.625394 0.120808 0.694529 
5 1.233757 0.837599 0.141471 0.773577 2.326079 0.694552 0.121370 0.712633 2.982971 0.609025 0.108563 0.678219 
5 1.221594 0.844180 0.139572 0.769706 2.249498 0.713703 0.119503 0.709508 2.860001 0.636793 0.107576 0.676624 
5 1.081181 0.844203 0.162645 0.790084 2.012766 0.710033 0.138854 0.729288 2.562436 0.630983 0.125178 0.695490 
5 0.854911 0.812988 0.215052 0.816654 1.598592 0.649829 0.191365 0.764305 2.037099 0.553124 0.177005 0.734238 
5 1.144771 0.822277 0.113809 0.765612 2.166081 0.663492 0.092375 0.696692 2.792863 0.565819 0.080876 0.658110 
6 0.391904 0.592850 0.220776 0.820838 0.597069 0.378253 0.188231 0.760410 0.694102 0.275733 0.180448 0.738574 
6 0.452531 0.592215 0.188649 0.798969 0.700214 0.367828 0.160487 0.735252 0.819254 0.258694 0.154427 0.711727 
6 0.470656 0.566581 0.185796 0.790149 0.729664 0.327671 0.158395 0.724451 0.846496 0.220258 0.153083 0.703127 
6 0.452467 0.558900 0.196131 0.796056 0.698926 0.319299 0.167439 0.731609 0.803270 0.217542 0.162117 0.711363 
6 0.505517 0.550146 0.177376 0.782233 0.777013 0.308064 0.152600 0.717853 0.886738 0.209966 0.148320 0.698709 
6 0.522397 0.520521 0.179079 0.775008 0.802107 0.263553 0.155565 0.710462 0.911994 0.162444 0.151790 0.692170 
6 0.579685 0.511369 0.162153 0.760830 0.890947 0.248445 0.141240 0.696256 0.995538 0.159595 0.138265 0.679705 
6 0.516941 0.522473 0.179792 0.778243 0.786670 0.273248 0.156172 0.714971 0.890935 0.176118 0.152302 0.696281 
7 1.121959 0.573539 0.086251 0.690530 1.871989 0.289462 0.070772 0.617751 2.137240 0.190181 0.067114 0.597340 
7 1.265761 0.527038 0.084011 0.676936 2.134637 0.202267 0.070159 0.601008 2.415605 0.098489 0.067150 0.581055 
7 1.584808 0.655795 0.054667 0.652408 2.839975 0.381111 0.041876 0.567894 3.393460 0.258881 0.038262 0.534844 
7 1.272522 0.711432 0.058435 0.678552 2.338726 0.470465 0.043788 0.594896 2.897360 0.345279 0.039382 0.557464 
7 1.011374 0.757169 0.076283 0.725113 1.924656 0.537326 0.056287 0.637879 2.455154 0.409545 0.048892 0.596648 
7 1.168474 0.787107 0.070722 0.718106 2.298794 0.581717 0.051957 0.628813 2.977983 0.458901 0.044556 0.587999 
7 0.613597 0.848045 0.114152 0.792272 1.163738 0.712354 0.089400 0.714749 1.513804 0.626485 0.078316 0.675872 
7 0.525323 0.806875 0.154116 0.811680 1.012746 0.627615 0.122526 0.736778 1.348853 0.503896 0.107787 0.697147 
8 0.276049 0.892348 0.156341 0.866926 0.496262 0.806012 0.119996 0.794810 0.691172 0.729270 0.103707 0.749294 
8 0.273429 0.811602 0.206807 0.866569 0.476676 0.671028 0.162175 0.794583 0.654403 0.547364 0.143655 0.750752 
8 0.292753 0.867793 0.154511 0.861049 0.529142 0.761103 0.119013 0.789183 0.746308 0.663046 0.103057 0.744157 
8 0.310333 0.885479 0.126834 0.850383 0.565622 0.790905 0.093713 0.769432 0.803819 0.702292 0.079819 0.720128 
8 0.263606 0.854187 0.188327 0.870881 0.457672 0.744937 0.148188 0.803191 0.618494 0.652981 0.130881 0.762136 
8 0.316367 0.866347 0.143981 0.847019 0.571539 0.758234 0.108381 0.766594 0.803752 0.659453 0.094268 0.718854 
8 0.276596 0.890387 0.154764 0.870524 0.506340 0.799124 0.121767 0.804866 0.714063 0.716210 0.106780 0.765355 
8 0.289635 0.898749 0.134209 0.858672 0.516383 0.819263 0.100319 0.780824 0.726813 0.745263 0.086421 0.733202 
9 0.229670 0.754367 0.261537 0.888649 0.343879 0.632296 0.227269 0.848137 0.413870 0.557403 0.213232 0.827209 
9 0.229798 0.731496 0.284572 0.888685 0.344121 0.598500 0.247273 0.847088 0.407958 0.524390 0.232524 0.826047 
9 0.250797 0.571323 0.306252 0.878425 0.357515 0.389252 0.268240 0.836033 0.401084 0.314978 0.256748 0.818854 
9 0.210099 0.686985 0.328481 0.896353 0.310435 0.537725 0.288829 0.856936 0.361797 0.461496 0.273573 0.837667 
9 0.201856 0.680791 0.327291 0.900536 0.293276 0.535681 0.288955 0.864195 0.338547 0.463897 0.274534 0.847711 
9 0.193383 0.669705 0.336770 0.904505 0.276575 0.527858 0.298697 0.869715 0.315150 0.462308 0.285288 0.855071 
9 0.211915 0.613867 0.340527 0.896022 0.303357 0.447212 0.298843 0.855337 0.351150 0.360405 0.283206 0.835503 
9 0.222580 0.665550 0.309755 0.890690 0.330887 0.502972 0.270651 0.850403 0.384798 0.420127 0.257853 0.833408 
10 0.809678 0.631817 0.120539 0.737522 1.514551 0.310833 0.095394 0.648551 1.892028 0.137913 0.090224 0.617234 
10 1.447801 0.601744 0.063392 0.655532 2.785153 0.233821 0.049043 0.559457 3.438581 0.054336 0.046772 0.526659 
10 1.022484 0.626269 0.087097 0.700010 1.983371 0.275031 0.067975 0.605814 2.495685 0.087878 0.064612 0.572810 
10 1.173824 0.629278 0.075341 0.681264 2.292055 0.275769 0.058771 0.588340 2.889291 0.086518 0.055823 0.554098 
10 0.850082 0.644387 0.109873 0.729447 1.642236 0.313422 0.085867 0.636209 2.091265 0.126042 0.081174 0.601580 
10 1.095912 0.606543 0.089247 0.695374 2.091170 0.249217 0.070266 0.603619 2.594915 0.068171 0.067333 0.572371 
10 0.840285 0.639856 0.107721 0.726142 1.602894 0.313198 0.084612 0.636552 2.030594 0.130401 0.079976 0.602733 
10 0.995489 0.635615 0.089691 0.703401 1.927216 0.294657 0.069945 0.609548 2.462510 0.099030 0.066152 0.575100 
11 0.660438 0.792874 0.092202 0.778619 1.253323 0.607452 0.068801 0.694530 1.657128 0.481523 0.059769 0.649437 
11 0.693799 0.791666 0.100761 0.779460 1.290121 0.612838 0.077381 0.700915 1.664674 0.500428 0.067889 0.659750 
11 0.888756 0.783294 0.083150 0.763159 1.580567 0.614958 0.064156 0.689303 1.966639 0.520903 0.056533 0.651245 
11 0.844745 0.829546 0.088953 0.776478 1.552819 0.686553 0.069258 0.704296 1.965610 0.602939 0.060064 0.664556 
11 0.655423 0.852492 0.089152 0.797552 1.251556 0.717978 0.068241 0.723389 1.663119 0.625077 0.059022 0.681022 
11 0.742124 0.848568 0.082298 0.784120 1.423612 0.709656 0.062633 0.708503 1.853432 0.622370 0.054254 0.667360 
11 0.690535 0.866727 0.077490 0.792123 1.333945 0.742286 0.058289 0.715220 1.792018 0.653453 0.049731 0.670720 
11 0.610680 0.872201 0.101851 0.801989 1.113253 0.767370 0.081933 0.737652 1.452122 0.696986 0.073567 0.706052 
12 4.484674 0.493831 0.046454 0.562183 7.212407 0.186058 0.033433 0.480458 7.899264 0.109040 0.031504 0.458162 
12 4.188542 0.514020 0.029674 0.556446 6.740384 0.217353 0.023094 0.477351 7.353627 0.145868 0.022144 0.454313 
12 4.337645 0.530633 0.029038 0.554432 7.066366 0.234886 0.021824 0.471314 7.783348 0.157032 0.020750 0.448520 
12 4.218114 0.525360 0.030064 0.562501 6.821875 0.231522 0.023787 0.486106 7.381846 0.167780 0.022481 0.463729 
12 3.871997 0.547358 0.031318 0.573426 6.341659 0.258179 0.023459 0.493087 6.991343 0.181680 0.022063 0.467571 
12 5.337311 0.532044 0.035926 0.551543 8.641050 0.241878 0.025470 0.466177 9.625567 0.154977 0.023677 0.440715 
12 4.180454 0.573144 0.036227 0.584951 7.119836 0.272849 0.026875 0.498940 8.169446 0.165581 0.024495 0.465628 
12 3.792688 0.568609 0.031440 0.583678 6.270506 0.286617 0.023799 0.500904 7.043128 0.198297 0.022027 0.471483 
13 2.151788 0.756222 0.059193 0.640687 4.332808 0.508920 0.044045 0.554645 5.537012 0.372212 0.038065 0.520856 
13 2.066449 0.712310 0.041618 0.620859 4.026789 0.438968 0.030260 0.533273 5.030006 0.298410 0.026932 0.499999 
13 2.306567 0.718697 0.049114 0.623966 4.453268 0.456586 0.035796 0.539943 5.540528 0.323677 0.031272 0.507873 
13 1.812325 0.697595 0.051663 0.640483 3.480543 0.419649 0.038101 0.554349 4.276291 0.287163 0.034161 0.524367 
13 2.173385 0.746258 0.054765 0.636348 4.388660 0.486902 0.039909 0.547668 5.649131 0.338418 0.033979 0.510783 
13 2.147819 0.670042 0.038500 0.607725 4.177497 0.358211 0.028385 0.517661 5.206726 0.200126 0.025898 0.486163 
13 2.103681 0.716081 0.037182 0.614301 4.167395 0.437206 0.026956 0.524295 5.269624 0.287834 0.024110 0.489757 
13 1.736502 0.700126 0.057401 0.648738 3.413279 0.410778 0.041607 0.560106 4.309872 0.256089 0.036576 0.526157 
14 0.414767 0.673166 0.171398 0.807011 0.755720 0.404946 0.133932 0.716806 0.999153 0.213990 0.124798 0.676760 
14 0.303876 0.638532 0.244949 0.851037 0.505437 0.398397 0.196943 0.775975 0.636630 0.241992 0.184382 0.740518 
14 0.345717 0.646895 0.218023 0.833435 0.590793 0.395819 0.174888 0.753585 0.754927 0.227082 0.164477 0.717041 
14 0.330869 0.636654 0.239473 0.840352 0.557411 0.387792 0.193593 0.764487 0.707805 0.223044 0.181830 0.730858 
14 0.389312 0.695899 0.173222 0.816074 0.689369 0.461229 0.135352 0.730514 0.894141 0.300898 0.125626 0.692975 
14 0.367310 0.678375 0.197739 0.825574 0.645878 0.435023 0.155647 0.742543 0.833867 0.271300 0.144834 0.706955 
14 0.408554 0.685090 0.174035 0.811941 0.735609 0.433287 0.136431 0.726310 0.965761 0.256348 0.126732 0.688158 
14 0.356302 0.653631 0.211217 0.829155 0.612957 0.403483 0.168776 0.748696 0.780272 0.239468 0.158701 0.714530 
15 0.217506 0.649287 0.352635 0.893488 0.311356 0.498166 0.317282 0.856491 0.375670 0.394624 0.301516 0.836218 
15 0.170325 0.678943 0.382996 0.915766 0.246092 0.536293 0.343485 0.881963 0.301711 0.431515 0.323020 0.860315 
15 0.231273 0.837715 0.385639 0.899143 0.417394 0.705708 0.345082 0.852467 0.583469 0.586899 0.321237 0.822297 
15 0.199045 0.826852 0.354721 0.906291 0.338229 0.707037 0.312193 0.860773 0.462514 0.600990 0.288450 0.829770 
15 0.236531 0.760498 0.368202 0.891569 0.387917 0.607574 0.323971 0.844187 0.503268 0.491175 0.302022 0.816192 
15 0.158706 0.750045 0.429129 0.922896 0.258463 0.592846 0.386461 0.884608 0.336334 0.469598 0.362707 0.859401 
15 0.242733 0.782285 0.432517 0.897660 0.424889 0.619934 0.390138 0.852426 0.557540 0.501516 0.368950 0.827930 
15 0.188287 0.834509 0.356831 0.910993 0.333229 0.706530 0.311572 0.862019 0.460575 0.593705 0.285653 0.829156 
16 0.758247 0.796642 0.072842 0.744257 1.426448 0.616280 0.055608 0.660416 1.797003 0.515263 0.050515 0.628626 
16 0.540068 0.836266 0.161681 0.807745 1.014298 0.690103 0.133126 0.738647 1.317493 0.594220 0.120556 0.705615 
16 0.540692 0.789816 0.120686 0.787539 0.927705 0.637986 0.095870 0.716174 1.115394 0.563091 0.088994 0.690926 
16 0.441827 0.798152 0.157091 0.821641 0.756997 0.653591 0.128462 0.758237 0.924441 0.576330 0.117951 0.732325 
16 0.477512 0.796864 0.146657 0.819213 0.878033 0.624049 0.117009 0.750743 1.143460 0.507726 0.105774 0.719292 
16 0.652480 0.796752 0.089264 0.763159 1.189940 0.628941 0.068382 0.682765 1.502901 0.530978 0.061622 0.648354 
16 0.627197 0.812913 0.101907 0.777687 1.155569 0.655677 0.081217 0.705797 1.461744 0.564760 0.073685 0.675164 
16 0.758358 0.868097 0.074674 0.760328 1.511803 0.737121 0.057380 0.677396 2.012250 0.649822 0.050760 0.640427 
17 0.503943 0.560445 0.176799 0.786050 0.735481 0.352916 0.157037 0.731538 0.804592 0.288143 0.154436 0.718842 
17 0.481378 0.571216 0.192847 0.790333 0.709560 0.365157 0.172334 0.736358 0.783222 0.296663 0.169557 0.727001 
17 0.574508 0.631587 0.157624 0.766071 0.855697 0.449918 0.140754 0.710395 0.960174 0.381471 0.137653 0.697357 
17 0.481235 0.647838 0.176167 0.791995 0.700157 0.483468 0.155427 0.739555 0.777935 0.420667 0.151601 0.725568 
17 0.509832 0.615893 0.184891 0.786624 0.757239 0.428115 0.164206 0.734898 0.852630 0.354324 0.159973 0.721187 
17 0.430510 0.344410 0.247691 0.799803 0.573338 0.125015 0.230211 0.752297 0.587997 0.098937 0.229832 0.748862 
17 0.487844 0.645952 0.181253 0.787507 0.697922 0.492729 0.164132 0.736514 0.778076 0.433906 0.160937 0.725379 
17 0.473761 0.719240 0.152789 0.794398 0.689022 0.592266 0.133361 0.743918 0.770140 0.545058 0.129134 0.730358 
18 2.652647 0.758236 0.041309 0.653659 4.411499 0.598409 0.030731 0.576409 5.230510 0.524225 0.026973 0.541585 
18 2.467150 0.788729 0.044451 0.670247 4.218234 0.639303 0.033087 0.593886 5.097961 0.564513 0.028949 0.559042 
18 2.074537 0.839339 0.058979 0.700706 3.642588 0.718055 0.045871 0.625740 4.558587 0.647269 0.039969 0.588763 
18 2.042616 0.820812 0.049825 0.692081 3.587436 0.685752 0.037812 0.614013 4.422930 0.613128 0.033135 0.578621 
18 2.007098 0.815238 0.054389 0.691041 3.432657 0.684055 0.042943 0.619114 4.191491 0.614457 0.037664 0.582398 
18 2.308701 0.776488 0.042790 0.669076 4.095877 0.603679 0.031278 0.585747 4.995241 0.517184 0.027121 0.547674 
18 2.313710 0.794214 0.048408 0.673254 3.817074 0.660845 0.037179 0.600453 4.538624 0.597043 0.032773 0.567357 
18 2.722098 0.744785 0.036470 0.640227 4.497846 0.577823 0.027042 0.564131 5.252353 0.506314 0.024088 0.532145 
19 1.341085 0.618403 0.080287 0.706920 2.205728 0.372618 0.062777 0.630732 2.523180 0.282106 0.057537 0.599808 
19 2.134344 0.569171 0.048866 0.645296 3.490492 0.296607 0.038280 0.566433 3.929559 0.209578 0.035721 0.538350 
19 1.618136 0.615904 0.063580 0.676173 2.614268 0.378879 0.050443 0.602639 2.956236 0.297025 0.046404 0.573111 
19 1.789620 0.640470 0.052447 0.666049 2.909971 0.415477 0.040789 0.589626 3.273486 0.342479 0.037662 0.561652 
19 1.658449 0.647900 0.073410 0.697469 2.693702 0.427929 0.058771 0.627247 3.042336 0.353556 0.053456 0.598098 
19 1.453660 0.700468 0.068649 0.710640 2.438130 0.495859 0.052906 0.635185 2.859328 0.407082 0.047289 0.599565 
19 1.296588 0.771425 0.087182 0.744029 2.238551 0.606233 0.070080 0.673888 2.716900 0.523001 0.062223 0.637990 
19 1.628518 0.657468 0.072904 0.701885 2.729603 0.425353 0.058776 0.632208 3.156393 0.335160 0.053478 0.603044 
20 0.209383 0.749818 0.389852 0.905102 0.357027 0.570837 0.344761 0.859947 0.453801 0.451454 0.322451 0.833036 
20 0.239830 0.785265 0.261779 0.888269 0.396580 0.643245 0.224034 0.838774 0.488964 0.558309 0.208887 0.815789 
20 0.372274 0.796013 0.183043 0.853897 0.689705 0.622529 0.150813 0.793100 0.917016 0.498299 0.136214 0.758432 
20 0.395856 0.840307 0.144093 0.833872 0.755191 0.695604 0.117766 0.765203 1.048681 0.577547 0.107420 0.729296 
20 0.370964 0.730929 0.201429 0.851121 0.670529 0.513733 0.168055 0.786952 0.872328 0.367565 0.152305 0.747524 
20 0.463361 0.793047 0.131624 0.822892 0.867732 0.612319 0.104931 0.753911 1.123978 0.498114 0.094337 0.717912 
20 0.575238 0.746376 0.145008 0.804099 1.108179 0.511420 0.115536 0.730280 1.462759 0.356562 0.104561 0.694638 
20 0.488799 0.866407 0.108600 0.817622 0.998346 0.727121 0.084273 0.733536 1.445822 0.604848 0.071293 0.683199 
21 0.757620 0.817226 0.066777 0.735713 1.679171 0.594819 0.046717 0.626478 2.498140 0.397454 0.040383 0.571577 
21 0.994964 0.786196 0.057348 0.706560 2.194884 0.528336 0.040624 0.597728 3.126613 0.327928 0.035838 0.547337 
21 1.805785 0.735932 0.043068 0.639988 3.779485 0.446963 0.030512 0.541174 4.917057 0.279823 0.026775 0.500939 
21 2.095078 0.732340 0.055744 0.640988 4.426484 0.434388 0.039135 0.543347 5.828173 0.254640 0.032852 0.500564 
21 2.269054 0.727169 0.057548 0.638175 4.808956 0.421954 0.040566 0.541691 6.276450 0.245696 0.033821 0.498247 
21 2.120771 0.737359 0.072708 0.653031 4.467967 0.446293 0.051485 0.558124 5.853582 0.274002 0.042780 0.514969 
21 2.006970 0.751937 0.058000 0.651165 4.362836 0.460327 0.040730 0.551077 5.866603 0.273239 0.034242 0.507049 
21 1.508567 0.796486 0.095317 0.700101 3.387735 0.543054 0.070006 0.603590 4.751981 0.359120 0.057728 0.556915 
22 0.524756 0.859733 0.213234 0.827414 1.124639 0.699347 0.180553 0.754623 1.612281 0.569073 0.161944 0.716730 
22 1.137633 0.862833 0.110862 0.737977 2.467661 0.702803 0.090777 0.653449 3.399964 0.591082 0.080785 0.616280 
22 1.147105 0.787633 0.143684 0.744755 2.504113 0.536408 0.114609 0.663076 3.442541 0.362585 0.100272 0.625995 
22 0.889240 0.876957 0.108461 0.760594 2.063521 0.714908 0.088412 0.670333 3.090448 0.573569 0.078720 0.625945 
22 1.025877 0.808418 0.158715 0.756190 2.220270 0.585696 0.125745 0.673022 3.072254 0.427080 0.108968 0.633046 
22 0.921419 0.879051 0.124685 0.762867 2.138313 0.719309 0.103723 0.677324 3.178074 0.582574 0.092358 0.634229 
22 0.680224 0.820745 0.251821 0.813018 1.522379 0.596366 0.211597 0.740289 2.206922 0.410967 0.187964 0.701988 
22 0.463349 0.893764 0.100196 0.810097 0.983887 0.774659 0.073104 0.716882 1.522244 0.651577 0.060752 0.661224 
23 1.010325 0.833113 0.077104 0.737089 2.163406 0.643497 0.056406 0.645809 3.056719 0.497207 0.048357 0.597849 
23 1.079350 0.815963 0.058544 0.714930 2.360114 0.598091 0.041490 0.615280 3.369559 0.427172 0.035463 0.564008 
23 0.810332 0.882769 0.150517 0.784887 1.832395 0.735489 0.122856 0.706606 2.750277 0.603721 0.107565 0.661109 
23 0.644410 0.884609 0.117888 0.799243 1.392424 0.750975 0.091491 0.717494 2.054087 0.633204 0.078035 0.668264 
23 0.530196 0.920037 0.146448 0.831278 1.179775 0.821886 0.122269 0.759418 1.813078 0.726097 0.108593 0.714261 
23 0.451652 0.931316 0.162772 0.843579 0.986123 0.849874 0.138263 0.775959 1.512575 0.769535 0.124235 0.733944 
23 0.340536 0.938588 0.220888 0.866540 0.699794 0.873743 0.198120 0.807582 1.033624 0.813488 0.185798 0.776420 
23 0.303486 0.922779 0.185962 0.871923 0.605286 0.846005 0.159690 0.810846 0.894230 0.772589 0.145640 0.774383 
24 0.114845 0.868427 0.408129 0.942701 0.187174 0.785950 0.370019 0.909097 0.242283 0.723482 0.348414 0.887785 
24 0.161241 0.888580 0.259483 0.919793 0.272748 0.811048 0.218906 0.870183 0.367316 0.744998 0.196020 0.835759 
24 0.176039 0.898811 0.225149 0.912414 0.294081 0.831046 0.185121 0.860436 0.392037 0.774980 0.163666 0.825821 
24 0.310241 0.864899 0.154068 0.853371 0.527227 0.769648 0.119822 0.784303 0.675251 0.703887 0.106864 0.749696 
24 0.211277 0.885421 0.196021 0.895642 0.350369 0.810353 0.159684 0.839253 0.456394 0.753339 0.144064 0.809004 
24 0.243993 0.841633 0.211955 0.882605 0.430330 0.720986 0.166236 0.815744 0.589085 0.618544 0.144995 0.774426 
24 0.211417 0.845709 0.258890 0.895819 0.352820 0.742144 0.212374 0.838047 0.460614 0.662859 0.189988 0.803671 
24 0.239525 0.767481 0.256394 0.881950 0.390011 0.620501 0.207373 0.820452 0.493803 0.518045 0.188225 0.786966 
25 0.405943 0.792525 0.146329 0.819428 0.711577 0.634397 0.115519 0.744549 0.916982 0.526683 0.105604 0.709095 
25 0.472738 0.784725 0.154911 0.812918 0.893385 0.592750 0.122630 0.734687 1.212487 0.446474 0.112335 0.696075 
25 0.501203 0.781444 0.145592 0.804299 0.959613 0.581413 0.114081 0.724310 1.295325 0.434840 0.103914 0.686376 
25 0.406796 0.748140 0.184337 0.827046 0.737705 0.544373 0.148916 0.753510 0.962550 0.407027 0.138057 0.719805 
25 0.387490 0.715878 0.203136 0.836354 0.684228 0.498729 0.165235 0.768179 0.878236 0.357143 0.152421 0.735110 
25 0.434159 0.769220 0.177043 0.826492 0.792932 0.578693 0.143930 0.757956 1.038518 0.448295 0.132981 0.726203 
25 0.477643 0.755638 0.149093 0.809685 0.872187 0.553528 0.118899 0.736107 1.139613 0.416236 0.109546 0.703346 
25 0.390525 0.742332 0.202185 0.839427 0.709547 0.532985 0.165903 0.772300 0.927420 0.390560 0.153268 0.739873 
26 2.183856 0.635938 0.036248 0.606200 3.424700 0.429340 0.030104 0.544948 3.852324 0.358264 0.028761 0.527404 
26 2.368080 0.608620 0.032840 0.589778 3.687129 0.390693 0.027234 0.524365 4.117709 0.319680 0.026208 0.507812 
26 2.231286 0.589456 0.035592 0.594618 3.426198 0.368869 0.030161 0.530666 3.769057 0.305008 0.029336 0.515069 
26 1.952477 0.622845 0.039268 0.610845 3.080881 0.404558 0.032613 0.545278 3.454825 0.331816 0.031278 0.525191 
26 2.059000 0.634589 0.036533 0.608538 3.207147 0.431106 0.030620 0.547163 3.588287 0.363997 0.029382 0.528915 
26 1.878595 0.587748 0.042829 0.613689 2.988411 0.342046 0.036140 0.545744 3.315169 0.268157 0.035230 0.529209 
26 1.921756 0.665452 0.038387 0.619353 3.109299 0.459208 0.031163 0.551842 3.535352 0.385626 0.029548 0.532665 
26 1.571179 0.662474 0.048104 0.646407 2.517148 0.458622 0.039329 0.580530 2.847392 0.387074 0.037524 0.561957 
27 0.951613 0.822633 0.066655 0.758012 1.738098 0.675372 0.050185 0.678898 2.188923 0.590081 0.043983 0.637982 
27 0.962729 0.746097 0.084747 0.755561 1.740994 0.540909 0.064835 0.676994 2.183204 0.424535 0.057279 0.635579 
27 0.789738 0.729657 0.107394 0.776334 1.411372 0.517077 0.083313 0.698832 1.762970 0.396697 0.074205 0.657920 
27 0.770919 0.757736 0.097006 0.781119 1.383748 0.565500 0.074536 0.706253 1.736367 0.455265 0.065220 0.665328 
27 0.826789 0.805597 0.101571 0.792038 1.542519 0.637129 0.078348 0.717345 1.986658 0.532690 0.067960 0.674285 
27 0.743893 0.794631 0.099515 0.785844 1.357481 0.624732 0.075801 0.707040 1.733991 0.519733 0.066079 0.662881 
27 0.957340 0.839291 0.067747 0.765862 1.827733 0.693033 0.050711 0.685467 2.388528 0.598593 0.043333 0.638538 
27 0.787209 0.798152 0.110846 0.795713 1.443429 0.629171 0.087556 0.725316 1.842654 0.525226 0.076781 0.683456 
28 2.067420 0.804087 0.036938 0.641708 4.609209 0.563171 0.024929 0.536578 6.465271 0.387141 0.020679 0.486046 
28 1.966326 0.811486 0.111145 0.692661 4.369065 0.580982 0.084233 0.602810 6.140458 0.411218 0.070414 0.554529 
28 2.100459 0.804675 0.091457 0.679155 4.645697 0.567913 0.067773 0.586141 6.538789 0.391671 0.056104 0.536253 
28 2.371757 0.784876 0.077884 0.655679 5.214840 0.527101 0.056013 0.559259 7.206699 0.346941 0.045832 0.511666 
28 2.252980 0.804082 0.077661 0.668509 4.909539 0.573476 0.055981 0.573628 6.760335 0.413247 0.045998 0.525492 
28 2.560930 0.776010 0.042940 0.623612 5.597767 0.510685 0.028817 0.519245 7.717823 0.325525 0.023656 0.471055 
28 2.501914 0.764258 0.039820 0.619531 5.411620 0.490431 0.026882 0.516382 7.345357 0.308612 0.022521 0.469078 
28 2.322990 0.779509 0.065167 0.646016 5.133322 0.512889 0.045157 0.544996 7.126770 0.324181 0.036654 0.495865 
29 5.009183 0.252893 0.030884 0.496196 7.252179 -0.081365 0.028528 0.440231 6.968806 -0.039476 0.028193 0.446203 
29 4.324476 0.200110 0.037197 0.511141 5.809490 -0.074596 0.035106 0.469769 5.434949 -0.004871 0.035031 0.477014 
29 4.808495 0.178976 0.034228 0.498931 6.430617 -0.097976 0.032285 0.455794 5.907762 -0.008541 0.032136 0.465654 
29 4.017452 0.256232 0.035877 0.520539 5.617303 -0.040592 0.033501 0.469416 5.463896 -0.012824 0.033326 0.472900 
29 4.872246 0.216901 0.033102 0.497811 6.846319 -0.099823 0.030749 0.445835 6.392823 -0.027262 0.030229 0.454107 
29 4.112014 0.162428 0.040546 0.518087 5.277422 -0.075573 0.038642 0.481712 4.781751 0.025447 0.038740 0.494165 
29 4.237342 0.150479 0.043032 0.518113 5.528093 -0.108923 0.040471 0.479605 4.955369 0.005713 0.040226 0.492829 
29 3.494866 0.240464 0.044349 0.539845 4.719373 -0.025781 0.041247 0.494389 4.520769 0.016803 0.041186 0.501530 
30 1.136250 0.345189 0.125607 0.683330 1.568912 0.095447 0.116866 0.641453 1.582588 0.086411 0.115430 0.641001 
30 0.990462 0.366684 0.127989 0.699423 1.346606 0.138849 0.119271 0.658003 1.341406 0.142309 0.118564 0.656340 
30 1.097510 0.344033 0.112963 0.681557 1.516248 0.092398 0.105644 0.636646 1.531350 0.081483 0.105080 0.635022 
30 0.938920 0.358153 0.135061 0.710346 1.311117 0.103756 0.124948 0.664818 1.322093 0.096201 0.123905 0.661584 
30 1.368318 0.316691 0.111343 0.667694 1.873815 0.066538 0.103859 0.623035 1.857458 0.075617 0.102826 0.624121 
30 1.083388 0.344446 0.112257 0.682864 1.498587 0.093174 0.104743 0.638298 1.490246 0.098056 0.104265 0.637645 
30 1.379049 0.270158 0.107058 0.656092 1.795611 0.048982 0.101777 0.619297 1.719338 0.088458 0.101138 0.625627 
30 1.096158 0.196780 0.137462 0.684108 1.341875 0.015795 0.132818 0.655897 1.278046 0.062267 0.132384 0.661467 
31 0.421698 0.861175 0.112626 0.814905 0.869739 0.713341 0.081365 0.718780 1.337988 0.558770 0.069876 0.662975 
31 0.475457 0.912250 0.088212 0.810820 1.029118 0.810337 0.063119 0.716759 1.639395 0.698424 0.052826 0.660713 
31 0.361316 0.852698 0.141639 0.837188 0.705896 0.710451 0.105034 0.748154 1.057819 0.564456 0.090259 0.695735 
31 0.459318 0.928705 0.124880 0.827994 1.003830 0.843162 0.095281 0.746156 1.613629 0.746214 0.081650 0.694164 
31 0.310056 0.886051 0.143878 0.854421 0.577322 0.787297 0.108568 0.773176 0.839401 0.689947 0.094171 0.724692 
31 0.518463 0.909720 0.086743 0.801723 1.133950 0.801941 0.062847 0.709882 1.785688 0.687380 0.052571 0.653390 
31 0.598376 0.886129 0.072726 0.780203 1.325275 0.747997 0.051807 0.683225 2.063702 0.608128 0.043587 0.628398 
31 0.441972 0.889055 0.095436 0.819337 0.925524 0.767504 0.068987 0.729423 1.422358 0.642415 0.058240 0.676586 
32 0.247172 0.812109 0.508028 0.911184 0.477522 0.636190 0.472586 0.874694 0.638074 0.512185 0.450675 0.854893 
32 1.211677 0.802265 0.063354 0.702377 2.490853 0.594034 0.047111 0.611542 3.328609 0.458054 0.040966 0.571461 
32 0.867027 0.836556 0.146559 0.768996 1.757957 0.668052 0.122698 0.696065 2.335943 0.558551 0.110718 0.663646 
32 1.477972 0.782585 0.038802 0.658734 3.096231 0.543852 0.028345 0.561319 4.168234 0.385116 0.025489 0.519767 
32 0.286273 0.854149 0.513148 0.908379 0.580488 0.704365 0.477731 0.871614 0.799022 0.592257 0.454525 0.850507 
32 1.286555 0.835103 0.080175 0.715696 2.698763 0.654400 0.062260 0.630599 3.669378 0.530058 0.053845 0.590840 
32 0.798143 0.834954 0.107166 0.768578 1.580006 0.673482 0.087238 0.693402 2.094686 0.567433 0.078083 0.658353 
32 1.139044 0.809716 0.054568 0.702245 2.347264 0.606827 0.039885 0.609767 3.169208 0.468164 0.034777 0.567199 
33 0.682213 0.876673 0.098305 0.793816 1.369603 0.752917 0.079736 0.723019 1.892798 0.658679 0.072542 0.689988 
33 0.392296 0.944244 0.277495 0.872151 0.768495 0.891098 0.254614 0.823089 1.055073 0.850887 0.242602 0.798519 
33 0.803003 0.875318 0.143882 0.783670 1.635036 0.743689 0.115488 0.709663 2.247380 0.644215 0.103056 0.673099 
33 0.467615 0.803219 0.139772 0.822786 0.857909 0.637520 0.110292 0.755008 1.129013 0.521283 0.099796 0.722904 
33 0.274852 0.905286 0.229797 0.900901 0.519486 0.820717 0.205426 0.859078 0.710377 0.754515 0.191834 0.835956 
33 0.612701 0.856851 0.087792 0.785657 1.172503 0.724557 0.068986 0.710931 1.587517 0.625267 0.062705 0.675510 
33 0.696895 0.801353 0.094430 0.771167 1.335182 0.619800 0.074212 0.693415 1.760508 0.498921 0.068050 0.662694 
33 0.525776 0.874996 0.096483 0.800985 0.979225 0.767461 0.074713 0.725606 1.287152 0.694675 0.067105 0.691568 
34 1.059611 0.844501 0.069680 0.793974 1.989766 0.707089 0.052956 0.716290 2.611310 0.614367 0.044348 0.663524 
34 0.988130 0.833461 0.072261 0.795622 1.833332 0.690445 0.054648 0.720198 2.428089 0.589367 0.045259 0.666276 
34 0.968499 0.853999 0.070526 0.796870 1.867460 0.718548 0.053137 0.719413 2.516937 0.619983 0.044043 0.664544 
34 0.708816 0.856804 0.092210 0.822120 1.356690 0.727100 0.071474 0.751620 1.849230 0.629733 0.059976 0.700126 
34 0.915951 0.854236 0.078077 0.805885 1.741348 0.722774 0.059989 0.730951 2.356606 0.624853 0.049827 0.675860 
34 0.872042 0.847362 0.080991 0.811106 1.682661 0.705556 0.062239 0.738173 2.289683 0.599524 0.051586 0.682995 
34 0.955767 0.836059 0.076085 0.793066 1.795641 0.691369 0.057609 0.714098 2.419068 0.583890 0.048085 0.657750 
34 1.012655 0.833115 0.074026 0.792776 1.963703 0.676450 0.055371 0.712658 2.678433 0.558557 0.045524 0.654313 
35 1.250625 0.768853 0.060542 0.714073 2.242292 0.585118 0.047185 0.635999 2.822622 0.476957 0.042736 0.600361 
35 1.434579 0.742662 0.051238 0.690758 2.526758 0.547412 0.040094 0.612150 3.122632 0.441485 0.036148 0.575247 
35 1.329479 0.775428 0.052347 0.699854 2.345198 0.603661 0.040989 0.624336 2.944190 0.502351 0.036800 0.587291 
35 1.292247 0.753317 0.055847 0.699738 2.297447 0.561000 0.043906 0.624167 2.897495 0.446265 0.039649 0.588134 
35 1.413393 0.765466 0.048143 0.691649 2.529783 0.580297 0.037207 0.612693 3.220895 0.466157 0.033360 0.574294 
35 1.373407 0.752819 0.056025 0.699218 2.443797 0.559933 0.043681 0.620709 3.083094 0.444635 0.039354 0.583122 
35 1.406066 0.755151 0.053382 0.695712 2.548383 0.555595 0.041178 0.613212 3.230161 0.436265 0.037102 0.574932 
35 1.273452 0.747319 0.057853 0.700890 2.255556 0.552667 0.045507 0.623888 2.806187 0.443481 0.041138 0.587602 
36 0.869208 0.887159 0.125420 0.778844 1.867422 0.758065 0.100904 0.699520 2.655537 0.656284 0.088744 0.657382 
36 1.057709 0.894730 0.106777 0.761493 2.279687 0.773022 0.089184 0.681409 3.216053 0.679741 0.080550 0.642448 
36 0.876152 0.902318 0.207915 0.804350 1.882693 0.789728 0.184447 0.739423 2.645771 0.704162 0.171593 0.707630 
36 1.079604 0.889998 0.143897 0.776631 2.303345 0.765736 0.123970 0.703625 3.223807 0.672713 0.113040 0.665857 
36 0.761875 0.901104 0.181135 0.803873 1.645681 0.786104 0.158241 0.735307 2.343608 0.694866 0.145903 0.701250 
36 0.684662 0.878260 0.316586 0.835999 1.470806 0.737494 0.284465 0.779303 2.085747 0.626472 0.264980 0.748944 
36 0.561169 0.906261 0.294140 0.850641 1.201051 0.797525 0.264052 0.794792 1.719345 0.707944 0.247751 0.765635 
36 0.175927 0.781596 0.594107 0.930611 0.337533 0.580926 0.553954 0.897453 0.457127 0.432519 0.529052 0.878286 
37 3.092903 0.550858 0.079821 0.634953 4.835584 0.298672 0.064628 0.568028 5.517757 0.200652 0.058294 0.538509 
37 3.255504 0.515075 0.071064 0.621194 5.060267 0.245570 0.058125 0.553719 5.692161 0.151048 0.053129 0.525739 
37 2.996722 0.506898 0.081993 0.631647 4.516802 0.257791 0.068115 0.572025 5.038018 0.172967 0.062622 0.548076 
37 3.113346 0.527116 0.053654 0.607366 4.770618 0.276087 0.044263 0.541932 5.366053 0.186018 0.041043 0.515499 
37 3.049186 0.535634 0.092209 0.637475 4.721028 0.282001 0.075676 0.575873 5.340731 0.188993 0.068261 0.548362 
37 2.801820 0.505263 0.073418 0.629370 4.162920 0.265854 0.061895 0.571427 4.567345 0.195446 0.057868 0.550777 
37 2.963558 0.535123 0.078086 0.633267 4.588750 0.281190 0.064253 0.569133 5.178349 0.189546 0.058387 0.541311 
37 3.097496 0.503302 0.055846 0.608721 4.672669 0.250104 0.046747 0.547797 5.189353 0.167130 0.043586 0.523958 
38 1.045865 0.527343 0.122812 0.706325 1.948055 0.118717 0.096510 0.615063 2.327795 -0.054154 0.093675 0.581044 
38 0.966049 0.534886 0.144938 0.720533 1.850574 0.109309 0.106631 0.617504 2.220555 -0.069226 0.100924 0.577561 
38 1.089578 0.572582 0.135222 0.711245 2.132240 0.163588 0.097428 0.609387 2.593464 -0.017132 0.089134 0.568160 
38 0.878081 0.544553 0.112095 0.717892 1.612553 0.162395 0.095239 0.635136 1.920720 0.000473 0.093405 0.606145 
38 1.007221 0.602995 0.145657 0.717909 1.997934 0.212337 0.106914 0.628081 2.501618 0.013928 0.094255 0.579010 
38 1.033157 0.556417 0.096599 0.701660 1.952153 0.160210 0.077436 0.608124 2.333970 -0.005437 0.077021 0.583609 
38 1.137713 0.612281 0.090102 0.693130 2.261764 0.228047 0.068551 0.601632 2.836656 0.029929 0.063916 0.564259 
38 0.709609 0.724518 0.129982 0.766744 1.355641 0.473042 0.101978 0.695042 1.694434 0.340361 0.092978 0.652502 
39 0.003814 0.052734 0.992177 0.998093 0.004031 -0.000798 0.991961 0.997985 0.004024 0.007019 0.991943 0.997988 
39 0.047255 0.119546 0.901333 0.976372 0.050082 0.064725 0.898891 0.974959 0.048632 0.087547 0.900442 0.975684 
39 0.020707 0.107040 0.956692 0.989667 0.021992 0.045814 0.955572 0.989018 0.021714 0.048050 0.956043 0.989143 
39 0.009960 0.049875 0.979688 0.995020 0.010336 0.009690 0.979360 0.994832 0.010130 0.011794 0.979746 0.994935 
39 0.148822 0.283297 0.666198 0.925672 0.171249 0.174759 0.651053 0.914417 0.174400 0.159578 0.649116 0.912842 
39 0.080279 0.379306 0.797188 0.959860 0.095439 0.264785 0.784160 0.952280 0.100762 0.226420 0.779486 0.949619 
39 0.282948 0.433247 0.299399 0.858608 0.337408 0.324025 0.278762 0.831448 0.351458 0.295757 0.275210 0.824439 
39 0.078990 0.200720 0.832225 0.961369 0.091187 0.077468 0.822339 0.955478 0.092963 0.058054 0.820444 0.954339 
40 2.176792 0.534362 0.045869 0.613500 3.239709 0.305825 0.039726 0.557200 3.413981 0.267123 0.038928 0.548670 
40 0.829526 0.498642 0.140879 0.742315 1.207855 0.270588 0.125432 0.693213 1.275559 0.229756 0.123308 0.684566 
40 1.346211 0.529630 0.084899 0.672477 2.044359 0.284157 0.075082 0.617591 2.182127 0.233527 0.073492 0.606537 
40 1.161681 0.568939 0.089967 0.688708 1.860053 0.309091 0.077825 0.627326 2.049445 0.238190 0.075372 0.612700 
40 1.159700 0.599866 0.082863 0.694222 1.737341 0.397852 0.072153 0.639916 1.861105 0.352185 0.070545 0.628227 
40 0.923370 0.584230 0.116238 0.725311 1.439614 0.350290 0.100917 0.666345 1.592934 0.279446 0.098490 0.653238 
40 1.773904 0.566872 0.060126 0.641094 2.847896 0.304191 0.052256 0.578176 3.165665 0.225980 0.050707 0.561754 
40 1.396813 0.600263 0.068274 0.672716 2.270374 0.349631 0.057907 0.607069 2.537528 0.272189 0.055645 0.588226 
41 0.022751 0.973936 0.675511 0.988625 0.029588 0.965984 0.672697 0.985206 0.035874 0.958614 0.669950 0.982105 
41 0.047679 0.956635 0.518763 0.976160 0.062230 0.943467 0.511199 0.968885 0.071152 0.935442 0.506229 0.964644 
41 0.088090 0.843277 0.485186 0.955955 0.103851 0.813444 0.476625 0.948075 0.111182 0.798408 0.474128 0.944409 
41 0.069264 0.872087 0.510726 0.965368 0.082431 0.846898 0.502319 0.958785 0.086514 0.838447 0.500855 0.956743 
41 0.166080 0.754717 0.327844 0.916960 0.190236 0.719212 0.313379 0.904882 0.198103 0.707812 0.309250 0.901074 
41 0.107583 0.803579 0.424442 0.946208 0.131930 0.759164 0.406788 0.934035 0.143638 0.737752 0.398992 0.928233 
41 0.162431 0.516044 0.543594 0.918785 0.184448 0.449891 0.528798 0.907776 0.187742 0.439667 0.526472 0.906129 
41 0.202291 0.357199 0.524124 0.898854 0.231870 0.263684 0.507035 0.884065 0.232888 0.260257 0.506627 0.883556 
42 0.730632 0.741970 0.087155 0.739041 1.133509 0.599657 0.072262 0.677892 1.348131 0.523802 0.067548 0.652700 
42 0.603696 0.720524 0.112851 0.763982 0.929149 0.569929 0.094021 0.703871 1.101956 0.490178 0.088069 0.679604 
42 0.755651 0.768249 0.079959 0.734004 1.163591 0.643015 0.066424 0.673920 1.395028 0.571697 0.061731 0.647915 
42 0.525507 0.686238 0.144178 0.783859 0.778089 0.534653 0.123274 0.729448 0.904999 0.458286 0.116923 0.706372 
42 0.758534 0.739143 0.085045 0.731500 1.136275 0.609573 0.071658 0.676525 1.328802 0.544118 0.067325 0.655174 
42 0.601610 0.706874 0.115353 0.763572 0.885951 0.568029 0.097891 0.710003 1.033065 0.495830 0.091790 0.685001 
42 0.775826 0.710869 0.093021 0.734425 1.195686 0.554582 0.078580 0.675818 1.438740 0.464384 0.073595 0.649442 
42 0.638238 0.713812 0.111854 0.755777 0.991830 0.555231 0.094228 0.695559 1.191364 0.465752 0.088613 0.670700 
43 1.939161 0.705779 0.048853 0.696170 3.413892 0.482616 0.036687 0.611938 4.199005 0.363904 0.031697 0.565542 
43 1.602605 0.702528 0.051566 0.682888 2.750897 0.489535 0.040468 0.607326 3.360979 0.376782 0.036502 0.571943 
43 1.457141 0.756856 0.052689 0.699549 2.625796 0.561685 0.040839 0.622802 3.350665 0.440494 0.035801 0.582001 
43 1.806871 0.708758 0.047388 0.684927 3.180902 0.487602 0.036556 0.605534 3.926296 0.367776 0.032251 0.563011 
43 1.843202 0.719841 0.048595 0.694123 3.217158 0.511700 0.037076 0.612471 3.955136 0.400305 0.032392 0.568998 
43 1.522115 0.744305 0.052001 0.690997 2.713631 0.545236 0.040396 0.615095 3.426104 0.426876 0.035532 0.573889 
43 1.649194 0.721918 0.045282 0.677867 2.889853 0.511670 0.034698 0.598226 3.560457 0.397257 0.031007 0.559741 
43 1.831095 0.730558 0.044093 0.681744 3.282326 0.516452 0.033353 0.598657 4.130778 0.391093 0.029156 0.554728 
44 1.848465 0.812881 0.093406 0.694583 3.868428 0.608457 0.072444 0.607265 5.080621 0.485738 0.063140 0.569388 
44 2.151884 0.790748 0.089779 0.679577 4.510859 0.561372 0.069110 0.590725 5.925297 0.424146 0.059289 0.551112 
44 2.292302 0.784157 0.079747 0.669950 4.867590 0.542072 0.057442 0.574798 6.520246 0.387359 0.047846 0.529127 
44 1.370525 0.818876 0.268461 0.786333 2.864788 0.620985 0.232396 0.723154 3.778154 0.499569 0.212915 0.692193 
44 1.999699 0.783802 0.114173 0.695148 4.095216 0.558206 0.087905 0.611245 5.291810 0.430454 0.076121 0.574643 
44 1.826389 0.807033 0.105847 0.701890 3.790768 0.599958 0.083936 0.619215 4.945706 0.478430 0.074132 0.583740 
44 1.797800 0.776427 0.127677 0.710775 3.703712 0.537780 0.100153 0.628783 4.809041 0.397208 0.087765 0.592694 
44 2.165453 0.769689 0.063473 0.662965 4.539279 0.517295 0.046720 0.570377 5.951946 0.367293 0.039424 0.529492 
45 1.546143 0.767716 0.104520 0.703882 3.372927 0.493787 0.079650 0.613861 4.686064 0.297310 0.067776 0.569712 
45 1.293816 0.765573 0.123921 0.725150 2.778476 0.495840 0.096144 0.639000 3.810575 0.308035 0.082594 0.598984 
45 1.444696 0.754713 0.102518 0.703318 3.119013 0.470793 0.076402 0.610408 4.316117 0.267432 0.064219 0.564259 
45 1.456713 0.744082 0.142487 0.710268 3.137252 0.449125 0.109776 0.622377 4.267412 0.250325 0.091704 0.579087 
45 1.215571 0.763164 0.119353 0.736886 2.559872 0.500906 0.090975 0.653489 3.468192 0.323278 0.079235 0.615505 
45 0.922050 0.785118 0.240330 0.793939 1.955753 0.544168 0.205182 0.726153 2.664290 0.378401 0.185695 0.693665 
45 1.494410 0.738625 0.084894 0.689360 3.177950 0.444282 0.061902 0.594895 4.316087 0.245481 0.052890 0.552094 
45 1.131804 0.770784 0.136433 0.752658 2.393002 0.515208 0.106455 0.672783 3.231107 0.345457 0.093166 0.635178 
46 0.725134 0.801481 0.264315 0.818938 1.485707 0.591975 0.227317 0.764382 1.969932 0.457288 0.203187 0.729717 
46 0.693340 0.778361 0.232444 0.817235 1.435712 0.541708 0.196236 0.758845 1.907917 0.391578 0.175219 0.724883 
46 0.545402 0.878893 0.421472 0.877676 1.269166 0.718511 0.392013 0.836168 1.898097 0.579572 0.363317 0.799946 
46 0.503065 0.880086 0.412841 0.873042 1.169440 0.721550 0.378560 0.826218 1.771934 0.578480 0.348843 0.787192 
46 0.365834 0.929585 0.438905 0.911015 0.893085 0.828314 0.408638 0.869364 1.446072 0.722310 0.382410 0.834887 
46 0.338787 0.931175 0.401948 0.903343 0.806764 0.836230 0.378150 0.859869 1.299129 0.736467 0.357933 0.826938 
46 0.259491 0.952989 0.362574 0.922934 0.602807 0.890972 0.340443 0.883465 0.968730 0.825072 0.323718 0.856074 
46 0.252690 0.939031 0.220760 0.904190 0.508747 0.876814 0.202425 0.862933 0.769494 0.812985 0.192796 0.837504 
47 2.255672 0.735022 0.040169 0.640483 3.901822 0.541817 0.030934 0.566821 4.678883 0.450846 0.027920 0.537851 
47 0.905676 0.717152 0.093228 0.741058 1.522336 0.524881 0.075078 0.674551 1.810349 0.434976 0.069454 0.648186 
47 1.750825 0.722714 0.042873 0.654211 3.019702 0.521601 0.033578 0.581346 3.572125 0.433942 0.030826 0.555715 
47 0.792900 0.760150 0.099943 0.759556 1.286087 0.610704 0.081025 0.697460 1.499750 0.545639 0.074898 0.674120 
47 2.238859 0.717625 0.041596 0.640678 3.832135 0.517232 0.032228 0.567750 4.557861 0.426189 0.029233 0.539919 
47 1.225953 0.783022 0.059497 0.707152 2.154272 0.618123 0.046400 0.634211 2.623712 0.534279 0.042162 0.606199 
47 1.709684 0.765115 0.039372 0.657951 3.120854 0.571501 0.029988 0.576798 3.827378 0.474733 0.026925 0.545251 
47 0.974635 0.760612 0.083187 0.731067 1.602120 0.607350 0.067555 0.666840 1.904758 0.534051 0.062737 0.642967 
48 0.695285 0.629337 0.176830 0.804897 1.132749 0.395700 0.153165 0.753114 1.275999 0.318897 0.149473 0.742868 
48 0.599297 0.609326 0.214696 0.825624 0.962532 0.372559 0.194679 0.786162 1.086623 0.291793 0.185982 0.769271 
48 0.673873 0.621799 0.180591 0.813581 1.092378 0.387373 0.158756 0.766068 1.207164 0.323497 0.152759 0.753982 
48 0.513936 0.628858 0.241372 0.849717 0.828310 0.401653 0.222758 0.818304 0.954195 0.310556 0.212563 0.801010 
48 0.557411 0.618092 0.259082 0.846150 0.913804 0.374634 0.231936 0.802037 1.020500 0.302384 0.226382 0.792564 
48 0.577634 0.635626 0.210852 0.831932 0.931921 0.413062 0.188525 0.791572 1.052894 0.338112 0.182947 0.779691 
48 0.646370 0.564285 0.203087 0.813623 1.034943 0.302942 0.176434 0.763372 1.130930 0.237881 0.174008 0.756092 
48 0.647150 0.595027 0.205261 0.809444 1.034350 0.352766 0.183351 0.766926 1.163614 0.271655 0.176162 0.751681 
49 2.968078 0.534971 0.029191 0.553112 5.263721 0.168835 0.024816 0.472349 5.975869 0.048418 0.024435 0.450251 
49 2.867136 0.521454 0.030698 0.556729 5.199522 0.131895 0.025480 0.474281 6.116729 -0.021592 0.024893 0.447425 
49 2.963748 0.515684 0.030056 0.550940 5.394698 0.118590 0.025096 0.467748 6.317646 -0.032355 0.024557 0.442457 
49 2.350755 0.499511 0.038663 0.581353 4.223235 0.100047 0.032658 0.498791 4.877656 -0.039765 0.032077 0.474808 
49 2.894519 0.507156 0.031329 0.554947 5.037829 0.135482 0.026928 0.477332 5.644559 0.024193 0.026515 0.458061 
49 2.812553 0.483427 0.033047 0.555849 4.956573 0.089529 0.028224 0.476358 5.644939 -0.037171 0.027769 0.456262 
49 3.320521 0.485373 0.027894 0.537976 5.805177 0.099828 0.023661 0.460386 6.641909 -0.029614 0.023211 0.437444 
49 2.955027 0.479227 0.032377 0.554933 5.121017 0.097252 0.027576 0.477731 5.821696 -0.026450 0.027021 0.455545 
50 2.047082 0.500332 0.045567 0.602212 3.301684 0.194084 0.038205 0.534308 3.666919 0.105319 0.036997 0.513807 
50 2.424292 0.488481 0.039861 0.580673 3.875451 0.182236 0.033306 0.514631 4.283962 0.095997 0.032262 0.495391 
50 2.157785 0.455674 0.045370 0.593175 3.406499 0.140757 0.038656 0.527318 3.701825 0.066187 0.037798 0.511651 
50 2.242743 0.502180 0.044884 0.596174 3.610050 0.198750 0.036623 0.527984 4.009439 0.110299 0.035161 0.506155 
50 1.538300 0.513530 0.062178 0.642594 2.484545 0.214135 0.051215 0.573522 2.798060 0.114829 0.049098 0.549577 
50 1.783472 0.525739 0.054282 0.626154 2.914878 0.224946 0.044066 0.555862 3.328501 0.114803 0.041959 0.531184 
50 1.108424 0.583642 0.085854 0.695847 1.815658 0.318157 0.068690 0.627203 2.111097 0.206860 0.063644 0.597423 
50 1.450601 0.470851 0.064934 0.643041 2.303751 0.159967 0.055505 0.575099 2.543776 0.072857 0.054381 0.555555 
51 1.117855 0.754621 0.062754 0.706261 2.315862 0.491186 0.046011 0.611840 3.050704 0.329190 0.041042 0.570972 
51 1.134804 0.688806 0.064510 0.697330 2.173237 0.402765 0.049642 0.609297 2.684408 0.260659 0.046092 0.575007 
51 1.086010 0.780290 0.089491 0.729166 2.239857 0.546664 0.066728 0.640679 2.945647 0.403297 0.057854 0.599465 
51 1.459818 0.708017 0.052347 0.671270 2.942899 0.412041 0.039219 0.577305 3.791477 0.243039 0.035988 0.539387 
51 1.400744 0.711992 0.064883 0.688583 2.764330 0.431616 0.048093 0.597991 3.449617 0.290497 0.043183 0.559402 
51 0.904536 0.736545 0.077046 0.726813 1.799869 0.474180 0.058601 0.636401 2.334838 0.316117 0.053621 0.598061 
51 1.271252 0.747407 0.064583 0.697666 2.509723 0.500424 0.048286 0.607489 3.175088 0.367004 0.043712 0.572223 
51 1.626774 0.731543 0.048616 0.676076 3.118301 0.485823 0.036954 0.592859 3.820338 0.370128 0.033245 0.558702 
52 0.346973 0.675531 0.221032 0.837898 0.554850 0.479018 0.185097 0.771788 0.665741 0.372645 0.175776 0.744127 
52 0.362532 0.601296 0.255897 0.834456 0.583021 0.360045 0.217759 0.771368 0.703575 0.228945 0.207929 0.745905 
52 0.349034 0.584355 0.249232 0.835460 0.544787 0.351490 0.212756 0.772642 0.644890 0.232434 0.204203 0.748489 
52 0.341398 0.573116 0.265213 0.838653 0.527826 0.340749 0.229475 0.777739 0.620539 0.225979 0.220693 0.754609 
52 0.379474 0.616435 0.217428 0.825989 0.603524 0.391219 0.184265 0.761023 0.715476 0.279414 0.176211 0.735339 
52 0.343488 0.555934 0.261578 0.837917 0.528640 0.316151 0.224850 0.776827 0.613249 0.206789 0.216178 0.754411 
52 0.389909 0.577743 0.222064 0.821636 0.618697 0.330840 0.189143 0.756438 0.727164 0.215092 0.181589 0.733096 
52 0.350935 0.529626 0.259235 0.835474 0.537399 0.279337 0.225857 0.776051 0.619488 0.169270 0.217982 0.753265 
53 0.719659 0.789654 0.213490 0.787042 1.224551 0.640832 0.199417 0.740731 1.525226 0.551205 0.199728 0.745804 
53 0.784840 0.816070 0.236634 0.791933 1.382853 0.676143 0.219200 0.745586 1.771458 0.585526 0.218365 0.746343 
53 0.603811 0.768841 0.316351 0.818241 1.005401 0.614206 0.299058 0.781588 1.234097 0.525867 0.299511 0.783486 
53 0.740211 0.784671 0.222019 0.787663 1.249416 0.634332 0.207461 0.738241 1.528362 0.550057 0.206755 0.745590 
53 0.565731 0.790107 0.302067 0.823631 0.953203 0.644514 0.283230 0.784857 1.185682 0.555389 0.283606 0.785039 
53 0.596202 0.815782 0.352299 0.838203 1.080233 0.668281 0.335134 0.805850 1.415447 0.567535 0.328747 0.796243 
53 0.457302 0.766902 0.251387 0.828665 0.744537 0.622039 0.230527 0.787606 0.917477 0.536368 0.232233 0.788505 
53 0.508823 0.796864 0.213510 0.822405 0.832446 0.667472 0.194013 0.779751 1.025130 0.589762 0.194835 0.779546 